#cluster0
364800 441600 614400 748800 883200 979200 1075200 1190400 1286400 1401600 1516800 1632000 1785600 1900800 2016000

#cluster1
480000 633600 787200 940800 1056000 1190400 1286400 1401600 1516800 1632000 1728000 1824000 1920000 2073600 2208000 2323200 2438400 2515200 2611200 2707200 2803200 2918400 3014400

#cluster2
480000 633600 787200 940800 1056000 1190400 1286400 1401600 1516800 1632000 1728000 1824000 1920000 2073600 2208000 2323200 2438400 2515200 2611200 2707200 2803200

# cluster3
480000 633600 787200 960000 1094400 1228800 1363200 1478400 1670400 1785600 1920000 2054400 2169600 2284800 2400000 2515200 2630400 2745600 2841600 2956800 3014400 3206400