# /sys/devices/system/cpu/cpu0/cpufreq/scaling_available_frequencies
334230 417790 557060 643200 835200 1036800 1228800 1411200 1603200 1795200

# /sys/devices/system/cpu/cpu2/cpufreq/scaling_available_frequencies
417790 557060 691200 844800 1017600 1200000 1363200 1536000 1718400 1891200

# /sys/devices/system/cpu/cpu4/cpufreq/scaling_available_frequencies
691200 816000 940800 1142400 1344000 1555200 1728000 1900800 2083200 2236800 2380800 2544000 2678400 2812800 2928000 3043200 3120000 3196800 3398400

# /sys/devices/system/cpu/cpu8/cpufreq/scaling_available_frequencies
1891200 2044800 2198400 2400000 2592000 2793600 2976000 3148800 3264000 3398400 3542400 3696000 3792000 3897600


# /sys/class/devfreq/gpufreq/available_frequencies
52225000 104450000 156675000 208900000 278530000 334230000 441600000 556800000 672000000 806400000 960000000 1075200000 1200000000 1296000000 1392000000

# /sys/class/devfreq/ddr_devfreq/available_frequencies
836000000 1672000000 2133000000 2750000000 3608000000 4200000000 5472000000 6400000000 8533000000 9600000000