# /sys/devices/system/cpu/cpu0/cpufreq/scaling_available_frequencies
# 364800 441600 595200 787200 902400 1017600 1113600 1228800 1344000 1478400 1593600 1708800 1843200 1900800

# /sys/devices/system/cpu/cpu3/cpufreq/scaling_available_frequencies
# 480000 633600 787200 940800 1056000 1190400 1286400 1401600 1497600 1593600 1708800 1824000 1920000 2073600 2188800 2361600 2572800 2611200

# /sys/devices/system/cpu/cpu7/cpufreq/scaling_available_frequencies
# 480000 633600 787200 960000 1094400 1209600 1324800 1459200 1651200 1766400 1900800 2150400 2304000 2457600 2668800 2803200

# /sys/class/kgsl/kgsl-3d0/devfreq/available_frequencies
# 950000000 900000000 835000000 736000000 684000000 633000000 500000000 353000000 255000000