# /sys/devices/system/cpu/cpu0/cpufreq/scaling_available_frequencies
# 441600 595200 787200 902400 1017600 1113600 1228800 1344000 1497600 1593600 1708800 1843200

# /sys/devices/system/cpu/cpu3/cpufreq/scaling_available_frequencies
# 480000 633600 787200 940800 1056000 1190400 1286400 1401600 1497600 1612800 1708800 1824000 1920000 2073600 2208000 2361600 2400000

# /sys/devices/system/cpu/cpu7/cpufreq/scaling_available_frequencies
# 480000 633600 787200 864000 960000 1094400 1209600 1324800 1459200 1651200 1766400 1900800 2016000 2150400 2304000 2496000 2630400 2803200

# /sys/class/kgsl/kgsl-3d0/devfreq/available_frequencies
# 1150000000 1075000000 975000000 900000000 796000000 724000000 645000000 515000000 345000000 259000000